word,confidence,bbox
State,5.448112487792969,"48,379,147,409"
Commission,95.1102294921875,"170,375,381,408"
Accepts,88.37080383300781,"413,375,550,409"
Date,96.4479751586914,"579,373,661,400"
Assigned,87.50162506103516,"74,422,237,458"
by,96.0308609008789,"260,422,298,457"
Ceremonies,48.023128509521484,"320,418,528,448"
Com-,90.34663391113281,"550,419,636,445"
mittes,0,"125,467,240,497"
of,96.40277862548828,"256,466,291,496"
the,96.17073059082031,"306,464,362,494"
"Exposition,",95.05184173583984,"381,463,582,500"
"Francia,",58.15077209472656,"46,799,192,835"
Vardaman,68.05522918701172,"216,801,402,831"
and,95.67960357666016,"425,801,486,828"
Commis.,26.238632202148438,"509,798,675,830"
sioner,70.69593811035156,"69,846,179,875"
Henry,95.8362808227539,"219,846,330,882"
to,91.54407501220703,"370,852,402,872"
Make,77.45835876464844,"444,844,535,873"
Ad,92.11724090576172,"574,843,623,870"
"dresses—Mra,.",39.6483039855957,"106,891,353,920"
Turner,87.930877685546875,"370,891,493,918"
Ends,29.69683837890625,"512,888,598,916"
Week,93.82139587402344,"132,936,230,964"
as,94.26123809814453,"246,944,283,964"
Hostess,94.4607162475586,"299,935,435,963"
at,93.87427520751953,"450,938,482,961"
Tex,95.070098876953125,"500,933,560,960"
:,0,"671,930,675,955"
as,92.86604309082031,"246,988,281,1008"
Vavillon.,61.66765213012695,"304,978,458,1008"
|,37.251548767089844,"669,973,673,1016"
Missinsipp!,64.66697692871094,"66,1144,217,1168"
Tay,40.2602424621582,"235,1145,289,1168"
at,94.679443359375,"307,1147,332,1163"
the,93.161956787109375,"351,1145,393,1163"
World's,16.56676483154297,"412,1144,517,1163"
ifatr,17.321327209472656,"536,1145,591,1163"
will,62.66916275024414,"609,1142,656,1162"
Oo,51.025691986083984,"40,1176,74,1198"
Beptember,87.975372314453125,"92,1178,239,1202"
15.,84.63716125488281,"260,1178,285,1198"
the,85.10353088378906,"308,1180,351,1197"
Commission,0,"370,1178,535,1198"
of,95.20589447021484,"555,1177,582,1194"
that,95.63831329345703,"602,1176,655,1195"
@tate,23.637802124023438,"39,1208,116,1231"
having,95.89034271240234,"137,1210,232,1233"
accepted,87.898223876953125,"253,1211,372,1234"
the,95.55958557128906,"395,1210,438,1229"
date,92.06683349609375,"460,1210,517,1229"
aeigned.,0,"539,1208,656,1229"
by,86.610382080078125,"40,1241,75,1266"
the,93.07513427734375,"93,1242,139,1264"
Coremnonies,43.809661865234375,"156,1243,315,1264"
Committers,0,"332,1243,483,1262"
of,94.03560638427734,"502,1241,528,1259"
the,95.88323974609375,"548,1243,589,1260"
lox,30.449729919433594,"610,1241,643,1259"
Porltion.,15.194000244140625,"40,1275,161,1298"
Executive,93.02854919433594,"196,1274,334,1296"
Cormmiesioner,0,"355,1275,550,1294"
BL,46.206443786621094,"577,1273,600,1291"
TL”,23.659103393554688,"628,1274,647,1292"
Henry,93.990325927734375,"41,1306,133,1332"
returned,91.18138122558594,"152,1308,272,1328"
vesterdey,18.997276306152344,"294,1309,427,1326"
from,93.044097900390625,"451,1308,514,1325"
Jackeon,77.009063720703125,"542,1307,646,1324"
|,41.46677017211914,"661,1302,673,1337"
where,96.42572021484375,"41,1339,128,1361"
he,93.53296661376953,"142,1340,174,1360"
attended,93.53296661376953,"182,1340,307,1360"
a,64.92448425292969,"321,1346,336,1359"
merting,78.47560119628906,"351,1342,459,1360"
of,96.16752624511719,"475,1340,499,1355"
the,91.3611831665039,"515,1339,555,1356"
bowrd,21.650856018066406,"572,1340,647,1355"
St,36.5720329284668,"41,1373,72,1393"
which,96.1088638305664,"88,1372,171,1393"
the,96.02915954589844,"190,1372,234,1394"
programme,55.5268669128418,"252,1376,411,1394"
for,95.62772369384766,"432,1373,468,1390"
the,93.0293960571289,"488,1373,530,1390"
cecuta,0,"562,1376,644,1388"
tion,82.86156463623047,"41,1403,95,1424"
was,61.634735107421875,"111,1409,163,1424"
decided,93.69054412841797,"177,1403,280,1425"
upon.,91.05811309814453,"296,1409,367,1428"
A,94.910552978515625,"68,1436,86,1455"
military,0,"101,1437,214,1459"
parade,94.45912170410156,"229,1437,322,1458"
and,86.41778564453125,"335,1437,383,1456"
Ariil,26.93030548095703,"398,1437,450,1456"
will,94.12266540527344,"467,1436,513,1454"
be,96.21436309814453,"530,1437,557,1454"
one,95.63001251220703,"572,1439,617,1453"
of,95.98067474365234,"631,1434,657,1453"
the,95.920928955078125,"41,1468,88,1488"
features,59.43647766113281,"102,1468,217,1489"
of,95.31964111328125,"232,1470,260,1490"
the,96.28624725341797,"275,1469,317,1488"
"day,",89.96150970458984,"333,1471,389,1489"
{lowed,4.660301208496094,"408,1469,522,1489"
by,96.01595306396484,"541,1472,570,1486"
a,92.545501708984375,"587,1476,598,1485"
ree),37.60346221923828,"620,1473,674,1486"
ception,93.77076721191406,"41,1502,142,1524"
in,80.16856384277344,"165,1502,190,1522"
the,95.41167449951172,"213,1503,257,1521"
evening,90.51606750488281,"278,1502,382,1521"
The,93.129302978515625,"427,1501,478,1520"
"First,",59.85234832763672,"504,1501,566,1518"
See,56.15436935424805,"600,1501,643,1517"
|,86.49288177490234,"672,1496,675,1503"
ond,90.8790283203125,"40,1533,91,1554"
and,94.647125244140625,"109,1533,159,1553"
Third,91.60755920410156,"178,1534,254,1554"
reeiment=,0,"275,1535,411,1554"
of,95.21806335449219,"431,1534,455,1552"
the,96.217681884765625,"475,1535,508,1548"
National,76.860595703125,"538,1532,654,1550"
Guard,95.42020416259766,"40,1565,129,1586"
of,92.84571838378906,"144,1566,172,1585"
Minsissipp!.,34.058624267578125,"187,1565,343,1588"
Major,81.45454406738281,"363,1566,444,1585"
General,91.699951171875,"460,1565,565,1584"
Kela,85.84783935546875,"585,1565,644,1584"
ler,89.860107421875,"40,1597,79,1617"
"commanding,",88.6618423461914,"91,1598,275,1619"
will,96.685699462890625,"292,1599,337,1616"
"attend,",94.04107666015625,"353,1600,446,1617"
and,92.62689208984375,"464,1603,486,1615"
Govertier,18.294265747070312,"570,1602,653,1615"
Vardaman,90.62259674072266,"40,1629,189,1649"
and,93.97503662109375,"204,1631,252,1651"
hie,93.31517791748047,"267,1630,304,1650"
mounted,90.36650085449219,"320,1631,436,1649"
staff,84.40917205810547,"453,1631,513,1648"
wil,85.922119140625,"530,1631,576,1648"
head,50.277347564697266,"593,1630,654,1648"
the,94.5191421508789,"40,1662,87,1682"
parade,94.301849365234375,"109,1662,205,1684"
to,94.3189468383789,"228,1664,254,1680"
the,95.40802001953125,"278,1664,319,1681"
State,34.084007263183594,"343,1663,415,1681"
"bulding,",41.769527435302734,"452,1663,560,1682"
The,89.538055419921875,"603,1663,655,1680"
guard,56.284263610839844,"40,1694,123,1716"
will,68.2950668334961,"141,1694,189,1714"
give,95.756622314453125,"206,1696,262,1716"
a,89.40425109863281,"279,1699,293,1713"
drill,12.160026550292969,"310,1696,365,1714"
in,91.46033477783203,"382,1700,405,1714"
front,95.75154113769531,"426,1695,493,1714"
of,95.81993865966797,"510,1694,536,1713"
the,93.08549499511719,"553,1696,594,1713"
pa-,91.48719787597656,"613,1700,653,1716"
"vilion,",89.92595672607422,"40,1725,128,1747"
Executive,15.727531433105469,"66,1757,208,1781"
Commissioner,37.439388275146484,"244,1760,441,1779"
Henry,76.54443359375,"480,1759,566,1778"
2,0,"607,1759,652,1776"
make,91.061065673828125,"40,1791,119,1812"
@,89.82573699951172,"135,1796,152,1813"
short,90.4947280883789,"169,1792,240,1813"
"address,",26.201004028320312,"260,1792,370,1813"
turning,91.6968002319336,"392,1794,493,1812"
the,96.20313262939453,"513,1793,555,1810"
build.),17.285499572753906,"576,1792,672,1819"
fing,34.18707275390625,"39,1821,87,1848"
over,95.926910400390625,"107,1827,170,1845"
to,96.040863037109375,"192,1826,218,1844"
the,95.77424621582031,"242,1825,285,1844"
"Governor,",64.15248107910156,"308,1825,435,1844"
followed,80.82205963134766,"471,1824,584,1843"
by,62.944183349609375,"623,1824,648,1840"
President,73.863922119140625,"39,1854,174,1876"
"Francis,",93.13733673095703,"194,1857,307,1878"
who,95.7679672241211,"327,1857,382,1876"
will,95.5262680053711,"402,1857,448,1875"
be,95.4286880493164,"470,1858,489,1874"
responded,77.146820068359375,"516,1856,652,1878"
to,94.117706298828125,"39,1888,69,1907"
by,71.463623046875,"99,1886,133,1910"
Governor,91.607208251953125,"164,1888,294,1908"
Vardaman.,25.600074768066406,"328,1889,469,1907"
Addresses,72.86082458496094,"517,1890,652,1907"
will,86.13582611083984,"39,1917,91,1940"
also,94.58880615234375,"106,1918,162,1940"
be,92.614898681640625,"178,1920,209,1941"
made,92.614898681640625,"225,1921,296,1940"
by,91.90327453613281,"315,1921,345,1944"
Caplain,45.593788146972656,"363,1922,469,1941"
Prank,81.656707763671875,"489,1922,570,1940"
Bure,41.03994369506836,"592,1921,640,1940"
|,65.9013442993164,"669,1943,672,1945"
"kett,",59.473419189453125,"39,1950,105,1974"
secretary,95.16766357421875,"126,1954,254,1976"
of,95.99891662597656,"274,1953,302,1971"
the,95.94847869873047,"322,1956,364,1972"
State,90.63629150390625,"385,1954,454,1972"
Le,46.595706939697266,"479,1954,512,1972"
",",0,"570,1967,580,1971"
and,70.95123291015625,"622,1953,651,1971"
by,96.742401123046875,"40,1982,75,2006"
RT.,51.56643295288086,"89,1981,161,2005"
Brownrigs.,40.94333267211914,"180,1984,333,2006"
president,86.28330993652344,"351,1985,474,2008"
of,95.388214111328125,"493,1985,519,2003"
the,95.354827880859375,"536,1986,568,2003"
Sie,50.112892150878906,"596,1986,648,2003"
sissipp!,71.025238037109375,"38,2014,142,2040"
Boclety,78.861846923828125,"156,2016,256,2040"
of,95.49322509765625,"270,2017,298,2037"
St.,92.9710922241211,"312,2017,346,2037"
Iauie.,33.092071533203125,"366,2017,437,2037"
which,93.07838439941406,"464,2018,544,2037"
orzin-,37.37831115722656,"561,2024,648,2036"
zation,25.314666748046875,"38,2046,135,2070"
wil!,88.53009033203125,"149,2048,198,2069"
participate,70.85118103027344,"214,2050,365,2072"
in,90.0481185913086,"380,2051,403,2068"
the,90.665435791015625,"422,2050,463,2068"
celebrouen.,20.09661102294922,"478,2053,629,2067"
|,89.48854064941406,"668,2069,670,2075"
ba!,43.64219284057617,"53,2075,100,2131"
pe,45.649600982666016,"110,2080,152,2126"
eventns,44.74519348144531,"165,2075,271,2130"
there,61.81501770019531,"289,2083,362,2126"
will,88.69049835205078,"382,2082,428,2102"
be,93.6871337890625,"448,2083,468,2098"
a,73.640350341796875,"493,2087,506,2101"
receplior,69.74877166748047,"526,2084,643,2103"
tate,89.26994323730469,"167,2108,220,2127"
"bullding,",89.17414855957031,"239,2108,356,2127"
at,94.68394470214844,"376,2108,400,2125"
which,94.68394470214844,"424,2108,502,2126"
Governor,54.6164665222168,"522,2108,646,2125"
Fh,30.427452087402344,"37,2100,91,2158"
nave,31.69745635986328,"115,2100,187,2158"
will,95.270355224609375,"208,2131,255,2150"
be,96.16813659667969,"277,2132,306,2150"
the,95.49835205078125,"325,2131,367,2151"
host.,90.76788330078125,"388,2131,442,2150"
The,95.28246307373047,"485,2132,537,2150"
Gover,93.50704193115234,"558,2132,638,2149"
nor,86.9454116821289,"38,2157,88,2176"
and,94.53224182128906,"98,2154,149,2176"
Mrs.,85.351043701171875,"164,2153,223,2175"
"Varidaman,",11.535659790039062,"239,2154,390,2176"
and,87.688446044921875,"406,2158,454,2177"
the,93.34517669677734,"471,2156,512,2174"
members,64.98191833496094,"528,2158,645,2175"
of,87.976104736328125,"38,2178,70,2201"
the,95.94026184082031,"81,2178,126,2200"
Commission,22.558197021484375,"139,2179,305,2200"
and,95.42860412597656,"320,2180,369,2200"
their,94.89546966552734,"386,2180,446,2200"
wives,94.93970489501953,"467,2181,541,2199"
will,87.417572021484375,"558,2182,605,2199"
be,91.977996826171875,"624,2183,651,2200"
},91.90763854980469,"668,2185,672,2200"
in,96.25871276855469,"37,2201,67,2224"
the,96.28943634033203,"83,2202,127,2225"
receiving,6.467247009277344,"144,2205,269,2227"
lise.,67.72351837158203,"286,2204,342,2224"
;,2.5500640869140625,"668,2204,670,2209"
Beginning,96.26219940185547,"65,2250,209,2276"
with,96.32029724121094,"222,2251,284,2273"
next,95.99370574951172,"301,2255,362,2272"
"Monday,",93.21617126464844,"380,2253,497,2275"
Kentu,91.65856170654297,"516,2254,600,2273"
ky,83.57752990722656,"619,2254,652,2275"
|,83.57752990722656,"668,2265,670,2275"
Will,86.74168395996094,"41,2282,94,2304"
be,95.49893951416016,"110,2283,141,2305"
represented,96.03936767578125,"156,2284,317,2308"
at,94.906005859375,"334,2286,360,2305"
three,94.67376708984375,"379,2285,449,2304"
points,83.36687469482422,"467,2286,550,2308"
in,89.70631408691406,"567,2286,590,2305"
the,90.67079162597656,"610,2287,652,2306"
|,68.62956237792969,"667,2285,670,2291"
daily,56.2232780456543,"39,2314,110,2340"
programme.,95.17979431152344,"143,2320,310,2340"
At,95.1993179321289,"348,2317,377,2337"
IJ,57.394771575927734,"403,2318,421,2337"
o'clock,75.50928497314453,"446,2317,542,2337"
every,96.27758026123047,"574,2322,651,2337"
morning,95.83960723876953,"39,2348,158,2372"
there,96.102508544921875,"174,2348,246,2369"
will,94.85272979736328,"262,2349,311,2369"
be,95.93934631347656,"329,2349,360,2368"
a,95.48005676269531,"376,2355,389,2369"
demonstration,81.416473388671875,"407,2350,608,2369"
in,94.35462188720703,"628,2352,650,2369"
the,93.27527618408203,"39,2379,85,2400"
State’s,90.772979736328125,"107,2380,203,2401"
forestry,93.3486328125,"225,2380,336,2405"
exhibit,88.60499572753906,"359,2382,454,2401"
of,88.60499572753906,"493,2382,518,2400"
getting,41.09180450439453,"552,2380,670,2406"
|,93.90045928955078,"662,2375,674,2410"
quartered,96.20555877685547,"40,2404,176,2426"
"oak,",90.05721282958984,"191,2404,248,2424"
From,65.97003936767578,"280,2405,354,2425"
2,85.87938690185547,"372,2407,383,2425"
ty,85.87938690185547,"399,2409,423,2424"
2,90.168426513671875,"440,2408,450,2424"
ofcleck,4.16455078125,"467,2406,559,2425"
p.,84.18701171875,"580,2411,601,2429"
tn,88.19970703125,"620,2411,640,2424"
a,78.47685241699219,"39,2433,56,2448"
demonstration,93.7073974609375,"78,2427,274,2449"
in,93.50167083740234,"304,2431,327,2449"
tobacco,81.65840148925781,"352,2430,456,2448"
culture,95.579254150390625,"480,2432,576,2449"
will!,57.469520568847656,"602,2430,669,2452"
be,96.37732696533203,"40,2452,72,2472"
made,94.400543212890625,"90,2452,165,2473"
in,95.30747985839844,"184,2455,209,2473"
the,95.68953704833984,"231,2453,273,2473"
State's,48.92829132080078,"293,2454,387,2472"
tobacce,89.475250244140625,"408,2456,512,2472"
space,44.43996810913086,"533,2459,607,2475"
in},74.99443817138672,"629,2453,670,2472"
the,95.55339813232422,"40,2475,85,2496"
Palace,96.0219497680664,"106,2476,197,2498"
of,96.34260559082031,"216,2479,244,2499"
Agriculture.,71.880523681640625,"264,2478,424,2500"
Heginning,34.776458740234375,"466,2479,603,2497"
at),65.886566162109375,"625,2481,669,2497"
8,84.353668212890625,"38,2499,52,2519"
o'clock,83.84332275390625,"66,2500,159,2522"
and,95.42225646972656,"173,2504,223,2524"
extending,95.39854431152344,"238,2503,374,2525"
an,96.1558609008789,"389,2508,420,2522"
hour,96.1558609008789,"438,2502,496,2521"
there,95.180511474609375,"515,2506,584,2521"
will,75.69315338134766,"603,2502,650,2521"
|,88.460357666015625,"667,2500,670,2513"
be,93.51969146728516,"40,2524,72,2543"
a,93.51969146728516,"94,2529,110,2544"
demonstration,94.68702697753906,"132,2525,333,2545"
i,47.257789611816406,"361,2533,380,2545"
hemp,40.8464241027832,"407,2527,480,2549"
culture,95.560943603515625,"505,2528,600,2545"
at),77.204437255859375,"624,2528,669,2545"
Kentucky's,53.25800323486328,"38,2547,199,2573"
general,93.27066802978516,"216,2552,317,2573"
eericuitural,24.150482177734375,"336,2551,503,2570"
exhibit,56.77048110961914,"522,2550,626,2570"
|,81.03755950927734,"667,2553,669,2563"
Mrs.,93.26935577392578,"66,2597,125,2618"
E.,86.07453155517578,"149,2599,175,2618"
P.,89.87329864501953,"200,2598,224,2618"
Turner,95.4778823852539,"248,2598,347,2619"
of,96.11214447021484,"364,2599,393,2619"
Dallas,95.96282196044922,"415,2599,503,2619"
ends,95.398895263671875,"524,2598,586,2619"
de,14.626800537109375,"608,2565,671,2625"
week,96.53733825683594,"38,2630,109,2650"
as,81.7009048461914,"126,2635,155,2651"
hostess,61.20254898071289,"170,2633,270,2652"
at,94.88042449951172,"285,2633,313,2651"
the,92.8108901977539,"330,2632,373,2651"
Texus,86.542877197265625,"386,2630,470,2652"
bullding,80.880859375,"486,2632,597,2653"
to-,92.7979965209961,"616,2633,650,2649"
"day,",95.72581481933594,"39,2661,97,2684"
with,96.92859649658203,"118,2662,180,2683"
programmes,82.416259765625,"198,2665,375,2687"
for,96.823486328125,"396,2664,435,2682"
both,95.65320587158203,"454,2663,515,2682"
morning,96.46891021728516,"536,2667,653,2685"
end,82.77953338623047,"36,2694,87,2714"
afternoon.,94.842498779296875,"102,2693,246,2715"
In,95.11837005615234,"277,2695,304,2715"
the,95.20406341552734,"322,2695,365,2715"
morning,96.03569793701172,"381,2699,499,2716"
Frederick,89.96038818359375,"516,2695,650,2715"
V.,82.920623779296875,"42,2724,68,2745"
Bowers,92.9406509399414,"90,2723,193,2747"
of,92.64546966552734,"212,2728,239,2747"
Kiralfy’s,69.60245513916016,"259,2727,385,2751"
“(ulsiana’,0,"406,2728,573,2746"
pr,96.152984619140625,"596,2732,622,2750"
I,19.783775329589844,"632,2726,669,2767"
duction,82.389923095703125,"40,2751,143,2771"
will,95.448211669921875,"158,2751,206,2771"
appear,95.904388427734375,"221,2757,316,2774"
in,94.05500030517578,"328,2754,350,2772"
the,94.05500030517578,"367,2753,409,2771"
role,96.11670684814453,"423,2753,474,2772"
of,93.19463348388672,"489,2753,515,2770"
#,82.6520767211914,"530,2757,543,2770"
Jeciur-,19.915199279785156,"562,2753,650,2770"
|,95.78936767578125,"666,2768,668,2778"
"er,",96.22003936767578,"39,2779,74,2796"
giving,94.893585205078125,"90,2776,176,2798"
a,92.82264709472656,"193,2782,205,2795"
short,92.82264709472656,"222,2777,292,2796"
talk,95.76210021972656,"310,2777,363,2796"
on,93.66675567626953,"379,2782,410,2796"
music.,86.05159759521484,"427,2781,505,2796"
For,92.11823272705078,"544,2777,591,2794"
the},70.02922058105469,"608,2778,668,2795"
afternoon,95.27911376953125,"38,2800,175,2820"
Mra.,76.73301696777344,"196,2800,253,2820"
Turner,95.16511535644531,"272,2801,371,2820"
announces,38.74519729614258,"387,2805,532,2820"
several,95.88079071044922,"552,2802,648,2820"
|,96.06053924560547,"666,2807,667,2810"
features.,91.11720275878906,"40,2826,160,2844"
Miss,92.26185607910156,"191,2825,251,2844"
Elberta,91.908905029296875,"274,2826,374,2844"
Archer,94.87116241455078,"398,2826,492,2844"
of,93.232086181640625,"513,2825,540,2843"
Dalias,41.30503845214844,"562,2825,667,2844"
!,62.25570297241211,"657,2821,671,2853"
will,96.560150146484375,"40,2850,87,2868"
give,95.066802978515625,"102,2850,159,2874"
a,91.56239318847656,"172,2856,186,2868"
song,92.40348052978516,"200,2854,261,2870"
recital,82.6541519165039,"274,2850,360,2869"
and,95.83934020996094,"375,2850,423,2868"
Miss,30.66809844970703,"437,2849,499,2869"
Mary,93.27225494384766,"513,2849,585,2873"
Ev-,84.57269287109375,"602,2850,648,2868"
!,88.888671875,"664,2845,667,2861"
erette,90.380340576171875,"38,2874,119,2893"
Kelffer,74.8652114868164,"133,2874,232,2894"
of,92.6607666015625,"245,2876,272,2893"
Lilinois,7.7761993408203125,"289,2875,382,2894"
will,95.866241455078125,"398,2874,445,2893"
whistle.,84.1130599975586,"464,2874,561,2893"
The,93.61173248291016,"596,2875,648,2894"
|,89.27880096435547,"663,2872,667,2891"
Kilties,91.69010925292969,"38,2898,130,2918"
will,96.2172622680664,"142,2899,191,2918"
give,96.3486557006836,"205,2900,262,2919"
a,96.11695861816406,"275,2904,288,2918"
band,96.11695861816406,"304,2900,368,2918"
"concert,",86.56593322753906,"381,2901,493,2920"
coummenc-,41.58492660522461,"506,2903,647,2918"
|,94.23419189453125,"662,2894,667,2922"
ing,95.488525390625,"37,2924,78,2944"
Bae,28.383880615234375,"101,2923,181,2966"
o'clock.,56.7720832824707,"195,2922,296,2944"
AnobtheP,14.891349792480469,"60,2947,176,2965"
large,61.68342590332031,"188,2946,257,2968"
audience,69.17998504638672,"273,2946,393,2966"
was,94.0079574584961,"409,2949,461,2966"
at,94.0079574584961,"474,2947,499,2967"
the,96.43743896484375,"516,2945,559,2967"
State,93.72542572021484,"574,2946,647,2966"
pavilion,94.47258758544922,"32,2969,143,2992"
yesterday,94.86579895019531,"156,2970,290,2994"
afternoon.,74.52860260009766,"304,2969,446,2991"
Healy,96.68360137939453,"475,2971,556,2993"
"Wolf,",92.98798370361328,"572,2969,645,2992"
",",88.05967712402344,"661,2983,667,2995"
a,67.94719696044922,"36,3000,50,3013"
BS,19.097747802734375,"69,2994,143,3037"
pps,36.1629638671875,"151,2993,234,3014"
"Eskimo,",89.02018737792969,"254,2993,366,3016"
gave,95.18841552734375,"385,3000,449,3015"
a,93.69933319091797,"467,3002,482,3016"
lecture,84.89306640625,"502,2995,597,3014"
on,95.36626434326172,"616,3000,646,3014"
“The,95.03852844238281,"39,3020,107,3037"
Manners,94.35865783691406,"128,3017,250,3038"
and,95.68108367919922,"270,3019,318,3038"
Customs,19.112815856933594,"339,3020,460,3038"
of,95.96936798095703,"479,3018,505,3038"
My,96.54753875732422,"524,3019,565,3041"
Beo-,37.962284088134766,"588,3019,647,3038"
|,95.4784164428711,"662,3008,666,3044"
ple.”,67.61724090576172,"37,3040,101,3064"
Hé,76.608123779296875,"144,3042,182,3062"
was,94.21977233886719,"200,3047,253,3061"
attired,94.89939880371094,"271,3043,364,3063"
in,94.603973388671875,"388,3049,408,3061"
his,94.603973388671875,"430,3043,468,3062"
native,91.87347412109375,"488,3043,574,3061"
cos-,91.15245056152344,"593,3048,646,3061"
},30.491317749023438,"663,3049,666,3069"
tume,80.79399871826172,"38,3069,107,3087"
and,95.96990966796875,"132,3066,181,3086"
was,95.8912353515625,"209,3071,262,3086"
Interesting.,89.43144989013672,"288,3066,445,3089"
Miss,90.86174011230469,"486,3066,547,3086"
Ollie-,86.94037628173828,"574,3067,665,3091"
|,84.77698516845703,"657,3061,669,3095"
wood,92.91154479980469,"37,3089,106,3109"
Johneon,90.48786163330078,"120,3089,233,3116"
of,95.145660400390625,"247,3091,273,3110"
Paris,95.66817474365234,"286,3091,358,3111"
gave,65.57979583740234,"371,3096,435,3111"
a,91.940582275390625,"449,3096,464,3109"
song,94.81414031982422,"477,3096,539,3112"
"recital,",92.172332763671875,"550,3091,647,3113"
accompanied,94.94132232666016,"36,3115,215,3138"
by,94.94132232666016,"230,3115,262,3138"
Miss,96.16748046875,"277,3115,339,3135"
Lelia,80.9201889038086,"356,3114,425,3135"
Scales.,94.48674774169922,"438,3115,530,3134"
Hostesses,88.5801010131836,"62,3162,199,3183"
and,94.4910888671875,"208,3163,258,3183"
Commissioners,18.603378295898438,"268,3163,477,3183"
of,95.7491455078125,"496,3163,524,3183"
the,93.16050720214844,"541,3164,584,3183"
Ex-,92.535980224609375,"600,3163,649,3183"
Position,68.1465835571289,"36,3195,144,3218"
were,95.8459243774414,"158,3199,225,3215"
invited,96.0058822631836,"238,3195,332,3215"
to,96.575042724609375,"347,3198,374,3215"
the,95.70030975341797,"389,3196,432,3214"
Georgia,93.053558349609375,"445,3195,554,3217"
bulld-,87.14990234375,"569,3195,648,3214"
ing,87.15335845947266,"38,3229,81,3249"
last,95.1383285522461,"95,3227,144,3246"
night,96.18463134765625,"159,3227,231,3249"
by,96.28470611572266,"243,3227,276,3250"
Colonel,95.9705581665039,"290,3227,390,3247"
and,96.31413269042969,"404,3228,452,3247"
Mrs.,83.16387939453125,"468,3227,526,3246"
"Dudley,",81.5823974609375,"545,3227,648,3248"
the,95.96820068359375,"38,3251,83,3270"
occasion,95.25148010253906,"104,3252,220,3272"
being,96.4571762084961,"242,3252,316,3275"
a,88.852325439453125,"337,3258,351,3271"
peach,93.70893859863281,"374,3252,453,3275"
feast.,93.70893859863281,"496,3252,569,3271"
The,93.50345611572266,"598,3252,650,3271"
fruit,79.28960418701172,"39,3276,103,3296"
was,89.83436584472656,"119,3280,171,3296"
served,74.28675079345703,"188,3278,277,3296"
in,78.25392150878906,"296,3276,319,3296"
its,78.99642181396484,"338,3276,371,3296"
natural,95.1713638305664,"388,3276,490,3296"
"state,",95.45478057861328,"508,3279,583,3297"
and,96.00247955322266,"599,3278,648,3296"
was,96.37245178222656,"40,3305,93,3320"
the,96.37245178222656,"111,3301,153,3321"
famous,96.668609619140625,"172,3300,274,3322"
Georgia,96.15625762939453,"292,3301,401,3324"
"peach,",96.4716796875,"420,3301,507,3325"
which,93.09015655517578,"528,3301,609,3320"
\s,42.74103546142578,"630,3302,650,3321"
Mr.,92.52862548828125,"39,3324,86,3345"
Barrett's,2.7719039916992188,"104,3325,229,3346"
great,95.8676986694336,"244,3328,317,3348"
hobby.,92.94499206542969,"333,3326,423,3348"
Everyone,95.75736999511719,"455,3325,585,3348"
had,95.97701263427734,"600,3326,648,3345"
their,88.64479064941406,"39,3348,107,3369"
fill,95.30370330810547,"122,3350,156,3370"
of,95.8955307006836,"171,3351,200,3370"
"peaches,",96.75927734375,"216,3349,331,3373"
and,95.50679779052734,"348,3350,397,3370"
the,95.50679779052734,"415,3350,457,3370"
evening,95.93012237548828,"473,3350,579,3373"
was,96.755462646484375,"597,3355,650,3370"
othérwise,77.12492370605469,"39,3374,174,3395"
pleasantly,62.66050720214844,"189,3375,332,3399"
"spent,",96.39983367919922,"349,3377,429,3397"
an,95.21590423583984,"447,3380,478,3394"
impromptu,87.10102844238281,"496,3375,649,3398"
programme,95.70992279052734,"39,3402,200,3422"
Of,85.7579345703125,"216,3399,245,3419"
vocal,93.97303009033203,"261,3400,333,3420"
and,93.97319030761719,"350,3400,400,3419"
music,94.43565368652344,"418,3400,498,3419"
selections,96.48528289794922,"516,3399,650,3420"
being,96.25523376464844,"42,3424,115,3448"
given.,96.25410461425781,"129,3423,212,3448"
Mies,92.86089324951172,"63,3472,126,3493"
Fannye,90.39073181152344,"150,3473,256,3497"
"Alexander,",93.28711700439453,"287,3472,437,3496"
4aughter,19.329490661621094,"471,3472,598,3496"
of,96.82270812988281,"623,3472,651,3493"
Assistant,84.92549133300781,"36,3504,168,3525"
Becretary,87.03654479980469,"190,3504,324,3527"
C.,86.63089752197266,"347,3505,373,3524"
H.,92.29972076416016,"400,3504,430,3524"
Alexander,96.02088928222656,"456,3504,597,3524"
of,96.35330963134766,"621,3504,648,3523"
the,93.26837158203125,"37,3528,82,3549"
Indlana,89.58831024169922,"110,3528,217,3549"
"Commission,",95.31661224365234,"245,3528,420,3552"
has,79.74726104736328,"452,3529,497,3548"
returned,79.74726104736328,"529,3528,648,3548"
from,96.42665100097656,"37,3552,103,3572"
a,96.42665100097656,"123,3557,141,3573"
visit,95.89558410644531,"161,3553,221,3573"
to,96.431304931640625,"240,3554,267,3573"
"Marion,",96.08758544921875,"288,3553,392,3576"
and,95.2422866821289,"414,3555,462,3574"
will,48.184478759765625,"485,3553,533,3572"
be,96.08723449707031,"558,3555,586,3573"
the,96.77449035644531,"605,3554,649,3572"
deype!,0,"37,3574,112,3624"
of,95.80640411376953,"134,3577,162,3598"
her,96.8242416381836,"184,3578,229,3598"
father,96.679290771484375,"251,3577,338,3598"
at,96.09663391113281,"359,3579,387,3597"
the,96.365966796875,"411,3578,453,3597"
State,90.6104965209961,"476,3578,548,3598"
build-,90.6104965209961,"571,3578,648,3598"
ng,93.759429931640625,"47,3606,80,3625"
for,95.85621643066406,"102,3601,144,3622"
several,95.46543884277344,"165,3601,265,3622"
weeks,93.16226959228516,"290,3602,373,3622"
privr,91.9061279296875,"397,3606,466,3626"
tu,95.75999450683594,"488,3605,515,3622"
her,93.13554382324219,"539,3604,584,3623"
de-,92.15589141845703,"606,3603,647,3622"
parture,92.88607025146484,"38,3628,143,3649"
fur,81.35791778564453,"159,3626,198,3647"
Colorads.,40.22319412231445,"217,3625,348,3649"
At,96.75196075439453,"62,3674,98,3695"
the,96.29328155517578,"120,3675,164,3696"
Connecticut,93.18647766113281,"185,3675,349,3696"
buliding,55.80457305908203,"370,3674,483,3698"
last,94.06098175048828,"504,3676,555,3696"
night,95.9913330078125,"578,3675,649,3697"
an,95.3026123046875,"35,3709,69,3725"
informal,63.350502014160156,"90,3705,212,3728"
reception,95.66143035888672,"232,3705,359,3730"
was,95.80986022949219,"383,3711,435,3726"
given,96.367584228515625,"455,3707,529,3729"
by,95.928863525390625,"551,3707,582,3731"
the,96.92713165283203,"605,3708,647,3726"
State,57.563255310058594,"36,3730,111,3751"
Commission,69.40111541748047,"125,3731,291,3752"
to,96.84081268310547,"308,3733,334,3752"
the,95.96942901611328,"351,3732,395,3752"
Bridgeton,91.49640655517578,"410,3732,548,3753"
Even-,89.44366455078125,"567,3731,647,3751"
ing,96.207977294921875,"34,3754,78,3779"
Post,92.31065368652344,"112,3754,174,3776"
party.,93.1073989868164,"208,3758,289,3779"
The,96.609222412109375,"316,3755,370,3775"
delegation,94.94341278076172,"403,3755,546,3779"
from,93.25965881347656,"581,3757,647,3776"
"Bridgeton,",95.84893798828125,"35,3779,182,3804"
twenty-five,95.7664794921875,"202,3780,358,3802"
in,95.35155487060547,"373,3780,397,3800"
"number,",95.70887756347656,"414,3782,528,3803"
arrived,95.52538299560547,"547,3781,646,3800"
yesterday,88.127899169921875,"30,3802,170,3828"
"morning,",95.55413055419922,"194,3805,319,3828"
and,93.16419982910156,"345,3805,395,3825"
wili,89.62083435058594,"422,3804,470,3824"
epend,68.95411682128906,"497,3804,574,3828"
ten,96.7795181274414,"602,3807,645,3825"
Gays,95.67818450927734,"33,3827,101,3852"
at,96.58082580566406,"116,3830,147,3850"
the,93.70124816894531,"165,3829,210,3851"
Fair.,95.691650390625,"227,3828,294,3850"
oA,29.84259796142578,"320,3829,394,3874"
were,96.66240692138672,"410,3833,474,3849"
selected,95.54898834228516,"494,3829,603,3849"
in,95.36943054199219,"624,3832,646,3850"
@,91.93880462646484,"32,3856,53,3874"
popularity,94.92280578613281,"69,3853,214,3878"
contest.,95.87728118896484,"235,3856,343,3874"
ost,95.04766845703125,"397,3856,438,3874"
of,96.60340881347656,"457,3854,485,3875"
the,92.6813735961914,"506,3854,549,3874"
memn-,30.552261352539062,"570,3858,646,3873"
bers,78.70301055908203,"33,3876,94,3899"
of,93.8800277709961,"110,3877,141,3899"
the,96.439361572265625,"157,3878,202,3899"
party,96.22969818115234,"219,3879,294,3903"
are,95.3230972290039,"313,3882,358,3898"
school,90.49138641357422,"375,3878,462,3899"
"teachers,",95.86734771728516,"482,3879,606,3899"
Captain,95.64798736572266,"56,3924,166,3950"
David,92.8219985961914,"178,3925,260,3947"
McCoach,92.34293365478516,"274,3926,400,3947"
of,96.97367095947266,"414,3926,443,3946"
the,93.25090026855469,"454,3926,499,3946"
Phidadel-,92.22358703613281,"512,3925,646,3946"
Phia,87.97514343261719,"32,3956,96,3981"
Reserves,96.18920135498047,"110,3956,236,3978"
was,95.75860595703125,"252,3960,306,3977"
a,95.75860595703125,"322,3961,339,3978"
visitor,95.47084045410156,"354,3958,444,3977"
at,95.763946533203125,"459,3961,488,3978"
the,93.21168518066406,"504,3958,548,3978"
Penn-,91.53649139404297,"566,3958,646,3978"
eyivania,31.113014221191406,"32,3980,153,4004"
building,90.453399658203125,"169,3981,281,4006"
yesterday.,95.953338623046875,"298,3982,441,4006"
He,95.50274658203125,"461,3981,500,4002"
is,93.24400329589844,"516,3984,538,4001"
spend-,91.5167007446289,"556,3982,646,4005"
=,46.698081970214844,"32,4005,78,4055"
@,84.33470916748047,"93,4009,113,4027"
few,95.34889221191406,"127,4006,177,4027"
days,71.044891357421875,"192,4006,258,4031"
st,92.550628662109375,"274,4009,302,4028"
the,96.19915008544922,"320,4007,364,4027"
"Fair,",95.94246673583984,"382,4006,450,4030"
accompanied,76.07453918457031,"467,4005,646,4030"
his,82.47953033447266,"82,4030,124,4052"
family.,94.750762939453125,"137,4030,235,4053"
The,96.62873077392578,"261,4030,315,4052"
reserves,96.05986022949219,"329,4034,444,4051"
consist,96.25904846191406,"458,4031,553,4051"
of,96.84528350830078,"570,4032,597,4052"
1%,83.78825378417969,"615,4031,648,4050"
"men,",96.592376708984375,"32,4058,101,4079"
all,96.39103698730469,"117,4054,152,4076"
6,96.7402114868164,"171,4054,185,4076"
feet,81.22611236572266,"202,4055,256,4075"
and,95.5917739868164,"274,4054,325,4075"
more,96.461395263671875,"347,4059,416,4075"
itn,69.90419006347656,"436,4056,462,4076"
"height,",90.6387939453125,"481,4055,577,4079"
and,96.0442886352539,"596,4056,646,4075"
are,88.32476043701172,"30,4083,78,4101"
thea,71.98644256591797,"90,4079,134,4100"
pride,96.29573822021484,"146,4079,219,4104"
of,93.08587646484375,"230,4079,260,4100"
Philadeiphia.,87.00468444824219,"272,4079,453,4104"
K,91.42132568359375,"53,4126,86,4149"
J.,96.57860565185547,"106,4127,131,4150"
Smith,96.3578872680664,"152,4128,236,4149"
and,95.8671646118164,"256,4127,306,4148"
Earle,93.75287628173828,"328,4128,403,4149"
Van,95.62681579589844,"435,4127,491,4148"
Allen,88.30438232421875,"524,4128,597,4148"
of,96.66629791259766,"619,4128,646,4148"
—,57.0655403137207,"27,4159,109,4205"
"Mich.,",92.198577880859375,"134,4159,219,4182"
ere,82.2964096069336,"242,4164,288,4180"
the,96.74466705322266,"311,4160,356,4180"
=,68.67637634277344,"376,4162,464,4204"
of,94.95835876464844,"486,4160,515,4180"
Hel,55.40916442871094,"537,4160,587,4180"
H,89.895721435546875,"612,4160,635,4180"
"mith,",95.30001068115234,"47,4184,120,4207"
secretary,93.13443756103516,"134,4185,268,4208"
of,95.81163787841797,"280,4184,309,4205"
the,96.52333068847656,"322,4184,366,4205"
Michigan,93.1527328491211,"407,4185,508,4208"
Cor:miz-,61.10526657104492,"521,4185,644,4205"
sion,95.6470718383789,"27,4210,85,4231"
at,93.9465560913086,"99,4210,130,4230"
the,93.3011703491211,"144,4209,189,4231"
Btate,92.13262176513672,"204,4209,278,4230"
pavilion.,96.2331771850586,"294,4208,411,4232"
Members,96.00175476074219,"51,4256,182,4279"
of,96.00175476074219,"194,4256,224,4279"
the,96.18468475341797,"237,4257,282,4279"
Executive,93.40294647216797,"297,4257,438,4278"
Committee,96.44580841064453,"452,4258,604,4279"
of,96.40387725830078,"618,4258,645,4280"
the,96.19761657714844,"27,4290,74,4312"
Iowa,74.878570556640625,"87,4290,157,4312"
State,70.646087646484375,"171,4290,246,4312"
Commission,89.09056091308594,"258,4290,428,4310"
held,90.07210540771484,"443,4290,500,4310"
@,79.4795150756836,"515,4295,529,4311"
confer-,90.73286437988281,"544,4290,643,4311"
ence,96.80419158935547,"26,4328,90,4344"
at,95.5916748046875,"114,4325,142,4344"
the,91.703521728515625,"168,4323,213,4344"
Btate,84.46126556396484,"237,4322,312,4343"
building,58.192466735839844,"348,4321,461,4344"
wyesterday.,70.72978210449219,"499,4323,642,4346"
Those,90.7486801147461,"26,4355,112,4376"
present,96.00868225097656,"156,4356,230,4376"
were,92.92445373535156,"243,4358,310,4376"
W.,89.02889251708984,"324,4354,362,4374"
W.,89.02889251708984,"379,4354,416,4374"
"Witmer,",93.29424285888672,"433,4354,548,4377"
chair-,90.5232925415039,"563,4355,642,4375"
"man,",96.6615219116211,"22,4375,95,4417"
Des,66.85882568359375,"109,4356,169,4411"
Moines;,30.725563049316406,"180,4379,290,4401"
8.,88.33949279785156,"305,4379,329,4400"
M.,91.805938720703125,"347,4379,381,4399"
"Leach,",95.767059326171875,"399,4379,489,4400"
"treasurer,",96.14091491699219,"506,4381,643,4400"
Ade’;,81.03055572509766,"28,4404,102,4427"
8.,80.19856262207031,"125,4404,149,4425"
"Balfley,",35.66584014892578,"175,4403,272,4427"
Mount,95.76841735839844,"298,4403,386,4424"
Ayr;,92.03739929199219,"410,4403,473,4426"
and,93.71143341064453,"497,4403,547,4423"
8.,92.462066650390625,"571,4403,593,4423"
§.,73.30975341796875,"619,4404,641,4424"
"Carruthers,",96.69661712646484,"26,4428,188,4451"
Bloomfield.,20.459609985351562,"210,4428,364,4448"
Miss,96.65388488769531,"397,4427,460,4447"
Helen,92.611663818359375,"480,4427,560,4447"
Wit-,91.64348602294922,"582,4428,642,4448"
mer,96.59587097167969,"26,4457,82,4473"
accompanies,95.73896789550781,"96,4453,276,4473"
her,94.54289245605469,"293,4453,338,4472"
father.,94.54289245605469,"355,4451,448,4471"
State,93.15888977050781,"478,4452,551,4472"
Aud!-,50.275413513183594,"566,4452,640,4472"
tor,93.0583724975586,"27,4479,70,4497"
B.,86.667449951171875,"85,4476,113,4498"
F.,89.77326202392578,"132,4477,159,4498"
Carroll,85.4701919555664,"173,4453,275,4507"
and,95.8538589477539,"291,4476,342,4497"
wife,96.03959655761719,"360,4476,419,4496"
of,95.8108139038086,"435,4475,464,4495"
Des,95.6139907836914,"481,4476,530,4496"
Moines,96.051727294921875,"548,4476,643,4496"
were,87.771026611328125,"27,4505,95,4521"
also,94.538818359375,"118,4501,174,4523"
guests,96.01053619384766,"198,4503,289,4525"
at,94.55171203613281,"311,4504,341,4522"
the,96.6241455078125,"365,4501,409,4521"
State,96.68156433105469,"434,4501,507,4521"
building,83.09174346923828,"531,4501,644,4525"
yesterday.,94.91139221191406,"27,4525,173,4550"
Miss,96.51807403564453,"50,4574,117,4596"
May,96.14815521240234,"136,4574,197,4599"
Brockman,95.814422607421875,"218,4574,364,4596"
of,96.55974578857422,"385,4573,413,4595"
"Cincinnati,",62.52141571044922,"432,4572,585,4597"
"O.,",60.335784912109375,"605,4574,642,4596"
‘ve,50.192176818847656,"60,4611,94,4628"
@,90.04663848876953,"112,4610,129,4627"
piano,93.724334716796875,"149,4606,225,4631"
recital,94.94099426269531,"245,4607,334,4628"
at,95.48217010498047,"367,4608,394,4627"
the,96.03411102294922,"427,4606,473,4627"
Kentucky,95.67694854736328,"505,4606,642,4630"
Citiains,13.180686950683594,"21,4606,145,4663"
yesterday,95.59228515625,"160,4631,297,4656"
afternoon.,96.353057861328125,"316,4631,463,4652"
Nome’s,86.91822814941406,"49,4679,156,4702"
e@ucational,77.62433624267578,"172,4679,334,4702"
exhibit,95.91383361816406,"352,4679,449,4701"
arrived,93.24591064453125,"466,4679,567,4701"
yes-,92.128326416015625,"585,4684,642,4704"
terday,92.43707275390625,"26,4710,117,4735"
and,10.41644287109375,"129,4711,181,4732"
has,95.90216064453125,"195,4711,244,4733"
been,95.6195297241211,"259,4711,321,4732"
Installed,79.61431884765625,"336,4711,455,4732"
in,92.997222900390625,"470,4711,495,4732"
the,93.30034637451172,"511,4711,555,4732"
Alas-,90.1226806640625,"569,4711,640,4732"
ka,76.26139831542969,"22,4737,62,4774"
eee,17.376625061035156,"78,4740,203,4798"
It,96.1142807006836,"230,4743,253,4764"
was,96.645599365234375,"270,4747,325,4764"
collected,95.78372955322266,"341,4742,464,4765"
by,96.68665313720703,"483,4743,516,4767"
Mrs.,92.13362121582031,"534,4743,593,4763"
O.,79.22142028808594,"613,4743,640,4763"
FP.,11.182174682617188,"26,4774,55,4797"
Ki,9.411582946777344,"71,4774,107,4797"
who,96.2507095336914,"165,4775,222,4796"
will,70.12882995605469,"236,4774,287,4796"
leave,95.9696044921875,"301,4776,374,4796"
in,92.86663055419922,"388,4776,413,4796"
a,94.87799072265625,"428,4780,444,4796"
few,95.87786865234375,"459,4775,507,4796"
days,96.148529052734375,"522,4774,587,4798"
for,95.66719055175781,"603,4775,643,4795"
her,95.54627990722656,"27,4799,74,4820"
home,94.73023223876953,"93,4799,168,4820"
in,94.30621337890625,"187,4799,213,4820"
the,96.59259796142578,"233,4799,278,4819"
far,96.099090576171875,"298,4800,339,4820"
North.,93.28794860839844,"359,4799,450,4820"
A_vaiuable,72.22309875488281,"484,4800,642,4820"
collection,93.64591217041016,"26,4823,160,4845"
of,96.28707122802734,"185,4822,215,4844"
carved,96.09428405761719,"238,4824,332,4844"
ar?,40.218727111816406,"359,4824,413,4844"
f,10.146873474121094,"422,4829,430,4868"
and,56.95567321777344,"468,4823,517,4851"
native,56.95567321777344,"556,4824,642,4843"
curlos,89.01762390136719,"26,4848,111,4869"
is,94.1993408203125,"136,4848,159,4868"
exhibited,94.1993408203125,"184,4847,312,4868"
by,95.0089111328125,"339,4848,371,4872"
Mrs.,95.64427185058594,"398,4848,457,4868"
King.,83.51734924316406,"484,4848,561,4871"
also,86.3034439086914,"588,4848,643,4867"
ae,29.883590698242188,"26,4872,114,4918"
gold,74.76493835449219,"136,4871,194,4894"
from,95.83446502685547,"218,4872,284,4892"
the,94.81085968017578,"309,4872,352,4893"
Tundra,93.32830810546875,"387,4872,489,4893"
and,93.32830810546875,"525,4872,574,4893"
the,94.78266143798828,"600,4874,642,4892"
ch,96.833831787109375,"75,4897,107,4918"
fn,71.070587158203125,"122,4896,149,4916"
the,96.37071990966797,"165,4895,211,4916"
gina’,0,"225,4896,309,4916"
A,67.901763916015625,"324,4901,330,4939"
of,95.9013671875,"344,4896,373,4917"
Nome.,94.91734313964844,"388,4897,475,4917"
The,93.28166198730469,"504,4896,558,4916"
lead-,90.4374008178711,"574,4896,640,4917"
|.,26.5791015625,"674,4898,675,4902"
ing,89.64362335205078,"25,4916,71,4970"
cities,63.40655517578125,"87,4920,161,4941"
have,96.362335205078125,"179,4920,245,4941"
creditable,95.63011932373047,"263,4921,401,4941"
school,93.263519287109375,"418,4921,505,4941"
exh!bits,68.06324768066406,"523,4920,634,4941"
which,96.20113372802734,"27,4936,110,4966"
are,96.3958740234375,"126,4949,172,4965"
a,55.1005859375,"186,4949,202,4965"
surprise,90.05390930175781,"218,4945,332,4968"
to,96.27888488769531,"348,4947,375,4964"
most,96.70635986328125,"390,4947,458,4966"
"peaple,",87.41053771972656,"474,4944,567,4969"
who,89.45877838134766,"586,4945,642,4965"
|.,52.93559646606445,"648,4940,674,4974"
imagine,30.351119995117188,"26,4970,139,4993"
Alaska,96.266998291015625,"156,4968,254,4989"
a,86.38150787353516,"272,4973,288,4988"
veritablerice,32.91453552246094,"308,4968,487,4994"
field,96.28326416015625,"504,4970,561,4990"
with,92.6028060913086,"580,4970,641,4990"
no,96.22898864746094,"26,5000,59,5016"
climatic,96.26506042480469,"74,4993,186,5015"
or,96.12455749511719,"200,4997,230,5014"
social,95.93761444091797,"245,4992,322,5012"
advantages.,96.85325622558594,"340,4993,504,5016"
:,19.924102783203125,"670,4986,673,5021"
